{"extrinsics": [[[-0.7207993268966675, 4.2413478978930996e-11, -0.6931437849998474, 3.645191171131046e-08], [0.6929283738136292, -0.0249260775744915, -0.7205752730369568, 1.999999761581421], [-0.01727735809981823, -0.9996893405914307, 0.017966702580451965, 1.2720055009296516e-09], [1.149942718825514e-08, 3.7693514975956077e-10, 1.6655011592092706e-08, 1.0]], [[0.8766483068466187, -5.105711764485932e-08, 0.48113176226615906, 0.0], [-0.34555619955062866, -0.6958209872245789, 0.629622220993042, 2.0], [0.33478158712387085, -0.71821528673172, -0.6099902987480164, 5.9574755795210876e-08], [1.029837726207461e-08, 2.073708138539132e-08, -1.876420441249138e-08, 1.0]], [[0.3486780822277069, -1.7289488729588243e-09, -0.9372425675392151, 5.586401030654997e-08], [0.710783064365387, -0.6518164873123169, 0.26442933082580566, 2.0], [-0.6109100580215454, -0.7583767175674438, -0.2272740751504898, -7.685896008524651e-08], [2.9802322387695312e-08, 0.0, 0.0, 1.0]], [[0.3146154284477234, 2.484697558813309e-09, 0.9492192268371582, 1.2205472188497879e-08], [-0.5398522615432739, -0.8225220441818237, 0.17893217504024506, 1.999999761581421], [0.7807537913322449, -0.5687329769134521, -0.2587781548500061, 4.040539280936173e-08], [2.742694249491251e-08, 1.0578510512004868e-08, 1.0665188732161823e-08, 0.9999999403953552]], [[-0.7333095073699951, 7.098072352107465e-09, -0.6798951029777527, 0.0], [0.6698328852653503, -0.17140516638755798, -0.7224569320678711, 2.0], [-0.11653752624988556, -0.9852006435394287, 0.12569303810596466, 0.0], [0.0, 0.0, 0.0, 1.0]], [[0.05521771311759949, -5.048169660071267e-10, -0.9984744191169739, 0.0], [0.7333623766899109, -0.6786270141601562, 0.040556468069553375, 2.0], [-0.6775917410850525, -0.7344830632209778, -0.037472233176231384, 0.0], [0.0, 0.0, 0.0, 1.0]], [[0.4919360280036926, 1.4234895928666447e-08, -0.8706312775611877, 0.0], [0.784145712852478, -0.43451741337776184, 0.44306880235671997, 2.0], [-0.37830451130867004, -0.900663435459137, -0.2137548327445984, 0.0], [0.0, 0.0, 0.0, 1.0]], [[0.13880741596221924, 1.628530199582201e-09, 0.9903193712234497, -1.5519413310016716e-08], [-0.9378910660743713, -0.32105889916419983, 0.1314588487148285, 2.000000238418579], [0.3179508447647095, -0.9470592141151428, -0.0445653572678566, -3.554860938947968e-08], [-3.1653314636059804e-08, -5.332860375517612e-09, 3.532801606809244e-09, 1.0000001192092896]], [[0.4672640264034271, -1.2588982301053875e-08, -0.884117841720581, 2.6348764947670134e-08], [0.41497597098350525, -0.8830029964447021, 0.21931852400302887, 2.0], [-0.7806786894798279, -0.46936744451522827, -0.41259557008743286, -4.365665517980233e-08], [0.0, -2.9802322387695312e-08, -1.4901161193847656e-08, 1.0]], [[0.9013831615447998, 1.2205363830730676e-08, -0.4330224096775055, 5.647983414291957e-09], [0.24669893085956573, -0.8218428492546082, 0.5135307312011719, 1.999999761581421], [-0.3558763265609741, -0.5697140693664551, -0.740795373916626, -2.332158111073568e-08], [-1.9675905349458844e-10, 1.06189936843748e-08, 8.064944267971441e-10, 1.0]], [[-0.9574061632156372, 7.472324980994927e-10, 0.28874441981315613, 0.0], [-0.28600165247917175, -0.13750508427619934, -0.9483118057250977, 2.0], [0.03970383107662201, -0.9905010461807251, 0.1316482275724411, 0.0], [0.0, 0.0, 0.0, 1.0]], [[0.5724025964736938, 4.132898023812004e-09, 0.8199726343154907, 0.0], [-0.6990829110145569, -0.5226154923439026, 0.4880124628543854, 2.0], [0.42853039503097534, -0.852568507194519, -0.299146443605423, 0.0], [2.9802322387695312e-08, 0.0, -1.4901161193847656e-08, 1.0]], [[0.0062183598056435585, 1.3899775774817158e-10, 0.9999806880950928, 0.0], [-0.8568728566169739, -0.5155003070831299, 0.005328447092324495, 2.0], [0.5154902935028076, -0.8568894267082214, -0.00320556596852839, 0.0], [0.0, 0.0, 0.0, 1.0]], [[0.09902900457382202, -7.806761903594861e-10, -0.9950845837593079, 0.0], [0.9850389361381531, -0.14173440635204315, 0.09802926331758499, 2.0], [-0.141037717461586, -0.9899047017097473, -0.014035816304385662, 0.0], [2.9802322387695312e-08, 0.0, -3.725290298461914e-09, 1.0]], [[-0.47215962409973145, 2.5518032131799373e-09, 0.8815129995346069, -1.6977795169736964e-08], [-0.6175628304481506, -0.7135821580886841, -0.3307815492153168, 1.999999761581421], [0.6290320754051208, -0.7005714178085327, 0.3369247019290924, 2.9185356353877978e-08], [-7.007290747651496e-09, -1.2730488663237338e-08, 1.0086205648462965e-08, 1.0]], [[-0.9819415211677551, 2.5583481999547075e-09, 0.1891845166683197, -2.9802322387695312e-08], [-0.18123497068881989, -0.2868351340293884, -0.9406803250312805, 2.0], [0.05426476523280144, -0.9579798579216003, 0.28165534138679504, -5.960464477539063e-08], [0.0, 0.0, 0.0, 1.0]], [[0.23658661544322968, 3.599780251661855e-09, -0.9716103672981262, 0.0], [0.5785989761352539, -0.8033514618873596, 0.14088855683803558, 2.0], [-0.7805446982383728, -0.5955051779747009, -0.19006220996379852, 0.0], [0.0, 0.0, 7.450580596923828e-09, 1.0]], [[-0.15165777504444122, 7.302184412694146e-10, 0.9884330630302429, 0.0], [-0.9791610836982727, -0.136648491024971, -0.1502351313829422, 2.0], [0.1350679099559784, -0.9906195402145386, 0.020723804831504822, 0.0], [2.9802322387695312e-08, 0.0, 7.450580596923828e-09, 1.0]], [[-0.49575960636138916, 4.905754913409055e-09, 0.8684598207473755, 4.2727922533458695e-08], [-0.7229871153831482, -0.5540350079536438, -0.4127166271209717, 2.000000238418579], [0.4811570942401886, -0.8324933648109436, 0.2746680974960327, -4.1469384370884654e-08], [-3.8057947904235334e-08, -1.3290792466591483e-08, -1.750240841147388e-08, 1.0000001192092896]], [[0.08817456662654877, -2.0803825329096526e-09, -0.9961050748825073, 0.0], [0.910929799079895, -0.40460455417633057, 0.08063491433858871, 2.0], [-0.4030286371707916, -0.9144917130470276, -0.03567583113908768, 0.0], [0.0, 0.0, 3.725290298461914e-09, 1.0]], [[-0.1633775681257248, 1.5690430066328531e-09, 0.9865635633468628, 1.8910002452798835e-08], [-0.9709325432777405, -0.17730465531349182, -0.16078901290893555, 2.000000238418579], [0.17492233216762543, -0.9841559529304504, 0.0289676021784544, -2.0246242016241922e-08], [-3.066860188027931e-08, -2.16649009843195e-09, -2.6586945978124277e-09, 1.0000001192092896]], [[-0.24816358089447021, 3.2311635589366006e-09, 0.9687181711196899, 0.0], [-0.24338938295841217, -0.9679223895072937, -0.06235083192586899, 2.0], [0.9376441240310669, -0.25124895572662354, 0.2402031421661377, 0.0], [0.0, 0.0, 0.0, 1.0]], [[-0.7031702399253845, 1.3971636070309046e-09, -0.7110215425491333, 3.412770865907078e-08], [0.7091494202613831, -0.07251890003681183, -0.7013188004493713, 1.999999761581421], [-0.051562488079071045, -0.9973669648170471, 0.05099313333630562, -6.517304057540585e-11], [4.2268599287353936e-08, -5.971729777343171e-10, -1.1999535587392529e-08, 1.0]], [[-0.9738354682922363, 2.9051199224028323e-09, 0.22725407779216766, 0.0], [-0.22039858996868134, -0.24376846849918365, -0.9444582462310791, 2.0], [0.05539737269282341, -0.9698333740234375, 0.23739038407802582, 0.0], [0.0, 0.0, 0.0, 1.0]], [[-0.47411197423934937, 1.3913235896723108e-08, 0.8804646134376526, 0.0], [-0.6596736311912537, -0.6623057723045349, -0.35522058606147766, 2.0], [0.5831367373466492, -0.749233603477478, 0.31400713324546814, 0.0], [2.9802322387695312e-08, 0.0, 1.4901161193847656e-08, 1.0]], [[-0.1783156394958496, -9.2262891771e-10, 0.9839732646942139, 0.0], [-0.9538074731826782, -0.2457123100757599, -0.17284899950027466, 2.0], [0.24177433550357819, -0.9693427681922913, 0.04381434991955757, 0.0], [0.0, 0.0, 0.0, 1.0]], [[-0.5039162635803223, -3.018257288545101e-08, 0.8637524843215942, 0.0], [-0.5390788912773132, -0.7813343405723572, -0.31450051069259644, 2.0], [0.6748794913291931, -0.624112606048584, 0.39372706413269043, 0.0], [0.0, 0.0, 0.0, 1.0]], [[0.4638192057609558, 4.203576153827271e-09, 0.8859298825263977, 4.295410960253321e-08], [-0.8659518361091614, -0.21116863191127777, 0.4533599019050598, 1.999999761581421], [0.18708059191703796, -0.9774496555328369, -0.09794406592845917, 1.533212135029771e-08], [7.98989319150678e-09, 2.3145299010707276e-09, -2.7799664792382828e-09, 1.0]], [[0.96683669090271, -4.106500917089306e-09, 0.2553953230381012, 5.253138368743748e-09], [-0.22040660679340363, -0.5052009224891663, 0.8343816995620728, 1.999999761581421], [0.12902596592903137, -0.8630017042160034, -0.48844680190086365, 1.2506854218941044e-08], [1.763903689777635e-09, -3.099991374710953e-10, -9.871619965906575e-09, 1.0]], [[0.3276229500770569, 1.3956166222683919e-09, -0.9448084831237793, 0.0], [0.8655299544334412, -0.4009718894958496, 0.30013224482536316, 2.0], [-0.37884166836738586, -0.9160903096199036, -0.13136759400367737, 0.0], [0.0, 0.0, 0.0, 1.0]], [[0.3525472581386566, 4.372194273294383e-10, -0.9357939958572388, 0.0], [0.9342741370201111, -0.0569692961871624, 0.3519747257232666, 2.0], [-0.05331151932477951, -0.9983758926391602, -0.02008436806499958, 0.0], [-2.9802322387695312e-08, 0.0, 0.0, 1.0]], [[0.6188382506370544, 1.3563537792915525e-10, 0.7855185270309448, 0.0], [-0.7731462121009827, -0.17678405344486237, 0.6090913414955139, 2.0], [0.13886712491512299, -0.9842496514320374, -0.10940072685480118, 0.0], [0.0, 0.0, 0.0, 1.0]]], "intrinsics": [[[1.0, 0.0, 0.5], [0.0, 1.0, 0.5], [0.0, 0.0, 1.0]], [[1.0, 0.0, 0.5], [0.0, 1.0, 0.5], [0.0, 0.0, 1.0]], [[1.0, 0.0, 0.5], [0.0, 1.0, 0.5], [0.0, 0.0, 1.0]], [[1.0, 0.0, 0.5], [0.0, 1.0, 0.5], [0.0, 0.0, 1.0]], [[1.0, 0.0, 0.5], [0.0, 1.0, 0.5], [0.0, 0.0, 1.0]], [[1.0, 0.0, 0.5], [0.0, 1.0, 0.5], [0.0, 0.0, 1.0]], [[1.0, 0.0, 0.5], [0.0, 1.0, 0.5], [0.0, 0.0, 1.0]], [[1.0, 0.0, 0.5], [0.0, 1.0, 0.5], [0.0, 0.0, 1.0]], [[1.0, 0.0, 0.5], [0.0, 1.0, 0.5], [0.0, 0.0, 1.0]], [[1.0, 0.0, 0.5], [0.0, 1.0, 0.5], [0.0, 0.0, 1.0]], [[1.0, 0.0, 0.5], [0.0, 1.0, 0.5], [0.0, 0.0, 1.0]], [[1.0, 0.0, 0.5], [0.0, 1.0, 0.5], [0.0, 0.0, 1.0]], [[1.0, 0.0, 0.5], [0.0, 1.0, 0.5], [0.0, 0.0, 1.0]], [[1.0, 0.0, 0.5], [0.0, 1.0, 0.5], [0.0, 0.0, 1.0]], [[1.0, 0.0, 0.5], [0.0, 1.0, 0.5], [0.0, 0.0, 1.0]], [[1.0, 0.0, 0.5], [0.0, 1.0, 0.5], [0.0, 0.0, 1.0]], [[1.0, 0.0, 0.5], [0.0, 1.0, 0.5], [0.0, 0.0, 1.0]], [[1.0, 0.0, 0.5], [0.0, 1.0, 0.5], [0.0, 0.0, 1.0]], [[1.0, 0.0, 0.5], [0.0, 1.0, 0.5], [0.0, 0.0, 1.0]], [[1.0, 0.0, 0.5], [0.0, 1.0, 0.5], [0.0, 0.0, 1.0]], [[1.0, 0.0, 0.5], [0.0, 1.0, 0.5], [0.0, 0.0, 1.0]], [[1.0, 0.0, 0.5], [0.0, 1.0, 0.5], [0.0, 0.0, 1.0]], [[1.0, 0.0, 0.5], [0.0, 1.0, 0.5], [0.0, 0.0, 1.0]], [[1.0, 0.0, 0.5], [0.0, 1.0, 0.5], [0.0, 0.0, 1.0]], [[1.0, 0.0, 0.5], [0.0, 1.0, 0.5], [0.0, 0.0, 1.0]], [[1.0, 0.0, 0.5], [0.0, 1.0, 0.5], [0.0, 0.0, 1.0]], [[1.0, 0.0, 0.5], [0.0, 1.0, 0.5], [0.0, 0.0, 1.0]], [[1.0, 0.0, 0.5], [0.0, 1.0, 0.5], [0.0, 0.0, 1.0]], [[1.0, 0.0, 0.5], [0.0, 1.0, 0.5], [0.0, 0.0, 1.0]], [[1.0, 0.0, 0.5], [0.0, 1.0, 0.5], [0.0, 0.0, 1.0]], [[1.0, 0.0, 0.5], [0.0, 1.0, 0.5], [0.0, 0.0, 1.0]], [[1.0, 0.0, 0.5], [0.0, 1.0, 0.5], [0.0, 0.0, 1.0]]]}