{"extrinsics": [[[0.3579598069190979, -0.9154690504074097, -0.18379664421081543, -0.7159196138381958], [-0.9313349723815918, -0.3641636073589325, 0.0, 1.8626699447631836], [0.06693204492330551, -0.1711762398481369, 0.9829643368721008, -0.13386408984661102], [0.0, 0.0, 0.0, 1.0]], [[0.107316754758358, -0.025272982195019722, -0.993903636932373, -0.214633509516716], [-0.22922824323177338, -0.9733726978302002, 0.0, 0.45845648646354675], [0.9674386382102966, -0.22783078253269196, 0.11025247722864151, -1.9348772764205933], [0.0, 0.0, 0.0, 1.0]], [[0.20156854391098022, -0.35440024733543396, 0.9131103754043579, -0.40313708782196045], [-0.8692407608032227, -0.4943890869617462, 0.0, 1.7384815216064453], [-0.4514318108558655, 0.7937127947807312, 0.4077123701572418, 0.902863621711731], [0.0, 0.0, 0.0, 1.0]], [[-0.9941045045852661, 0.06244078651070595, 0.0886421874165535, 1.9882088899612427], [-0.06268755346536636, -0.9980332255363464, 0.0, 0.12537509202957153], [-0.08846785128116608, 0.0055567617528140545, -0.9960635304450989, 0.17693568766117096], [0.0, 0.0, 0.0, 1.0]], [[-0.10301163792610168, 0.056427519768476486, 0.9930782914161682, 0.20602327585220337], [-0.4804219603538513, -0.8770374655723572, 0.0, 0.9608439207077026], [-0.870966911315918, 0.4770966172218323, -0.11745408177375793, 1.741933822631836], [0.0, 0.0, 0.0, 1.0]], [[-0.1899423897266388, 0.048032719641923904, -0.9806195497512817, 0.3798847794532776], [-0.24516302347183228, -0.969481885433197, 0.0, 0.49032604694366455], [0.950692892074585, -0.2404116690158844, -0.19592154026031494, -1.90138578414917], [0.0, 0.0, 0.0, 1.0]], [[0.0038218821864575148, -0.005231161136180162, -0.9999789595603943, -0.007643763907253742], [-0.8074565529823303, -0.589927077293396, 0.0, 1.614912986755371], [0.5899147391319275, -0.8074395656585693, 0.00647856667637825, -1.1798293590545654], [0.0, 0.0, 0.0, 1.0]], [[-0.08325550705194473, 0.05028500780463219, -0.9952586889266968, 0.16651101410388947], [-0.517001211643219, -0.855984628200531, 0.0, 1.034002423286438], [0.8519262075424194, -0.514549970626831, -0.09726284444332123, -1.7038524150848389], [0.0, 0.0, 0.0, 1.0]], [[0.4640887677669525, -0.7438594102859497, 0.48093125224113464, -0.928177535533905], [-0.8484200835227966, -0.5293235182762146, 0.0, 1.6968401670455933], [-0.2545682191848755, 0.40803176164627075, 0.8767582774162292, 0.509136438369751], [0.0, 0.0, 0.0, 1.0]], [[0.46032020449638367, -0.22262568771839142, 0.8593853116035461, -0.9206403493881226], [-0.4353868067264557, -0.9002435207366943, 0.0, 0.8707735538482666], [-0.7736560702323914, 0.37416502833366394, 0.5113285183906555, 1.5473120212554932], [0.0, 0.0, 0.0, 1.0]], [[-0.4261620044708252, 0.9038359522819519, -0.03829513117671013, 0.8523240089416504], [-0.9044994711875916, -0.42647480964660645, 0.0, 1.808998942375183], [0.016331909224390984, -0.034637924283742905, -0.9992664456367493, -0.03266381844878197], [0.0, 0.0, 0.0, 1.0]], [[-0.3986457586288452, 0.6159727573394775, 0.6794551014900208, 0.7972915172576904], [-0.839523434638977, -0.5433235168457031, 0.0, 1.679046869277954], [-0.3691639006137848, 0.5704184770584106, -0.7337172031402588, 0.7383278012275696], [0.0, 0.0, 0.0, 1.0]], [[-0.043610163033008575, 0.37109822034835815, 0.9275689721107483, 0.08722032606601715], [-0.9931656718254089, -0.11671334505081177, 0.0, 1.9863313436508179], [-0.10825967788696289, 0.9212296605110168, -0.3736518919467926, 0.21651935577392578], [0.0, 0.0, 0.0, 1.0]], [[-0.049188729375600815, 0.09330061823129654, -0.994422197341919, 0.09837745875120163], [-0.88459312915802, -0.4663636088371277, 0.0, 1.76918625831604], [0.4637623131275177, -0.8796590566635132, -0.10547291487455368, -0.9275246262550354], [0.0, 0.0, 0.0, 1.0]], [[-0.5767393708229065, 0.2099071741104126, -0.7895002961158752, 1.1534786224365234], [-0.34200751781463623, -0.939697265625, 0.0, 0.6840149760246277], [0.7418912649154663, -0.27001503109931946, -0.613750159740448, -1.483782410621643], [0.0, 0.0, 0.0, 1.0]], [[0.7710959315299988, -0.5390995740890503, -0.3387960195541382, -1.542191743850708], [-0.5729860663414001, -0.8195651173591614, 0.0, 1.1459720134735107], [0.2776654064655304, -0.19412539899349213, 0.940859854221344, -0.555330753326416], [0.0, 0.0, 0.0, 1.0]], [[0.9800083041191101, -0.13696469366550446, 0.14430691301822662, -1.9600164890289307], [-0.1384134590625763, -0.9903746247291565, 0.0, 0.2768268883228302], [-0.14291790127754211, 0.01997401937842369, 0.989533007144928, 0.28583577275276184], [0.0, 0.0, 0.0, 1.0]], [[-0.3875328302383423, 0.4237388074398041, 0.8186963796615601, 0.775065541267395], [-0.7379295229911804, -0.6748778223991394, 0.0, 1.4758589267730713], [-0.5525199770927429, 0.6041402220726013, -0.5742266774177551, 1.1050398349761963], [0.0, 0.0, 0.0, 1.0]], [[0.6778239607810974, -0.13415318727493286, 0.7228814959526062, -1.3556478023529053], [-0.1941514015197754, -0.98097163438797, 0.0, 0.3883027732372284], [-0.7091262340545654, 0.14034844934940338, 0.6909720301628113, 1.4182523488998413], [0.0, 0.0, 0.0, 1.0]], [[0.9547630548477173, -0.10464048385620117, 0.27834856510162354, -1.9095261096954346], [-0.10894601047039032, -0.9940477013587952, 0.0, 0.21789202094078064], [-0.2766917645931244, 0.030324967578053474, 0.9604800939559937, 0.5533835291862488], [0.0, 0.0, 0.0, 1.0]], [[0.5877173542976379, -0.3405248522758484, -0.7339149117469788, -1.1754347085952759], [-0.5013311505317688, -0.8652554750442505, 0.0, 1.0026623010635376], [0.6350239515304565, -0.3679344058036804, 0.6792413592338562, -1.270047903060913], [0.0, 0.0, 0.0, 1.0]], [[-0.497785359621048, 0.21635903418064117, -0.8398800492286682, 0.9955706596374512], [-0.39861860871315, -0.9171168208122253, 0.0, 0.7972371578216553], [0.7702681422233582, -0.33479180932044983, -0.5427720546722412, -1.5405361652374268], [0.0, 0.0, 0.0, 1.0]], [[0.5398845076560974, -0.6333508491516113, -0.5544288754463196, -1.0797690153121948], [-0.7610276341438293, -0.6487194299697876, 0.0, 1.5220552682876587], [0.3596688210964203, -0.42193570733070374, 0.8322310447692871, -0.7193376421928406], [0.0, 0.0, 0.0, 1.0]], [[0.12147347629070282, -0.19016557931900024, 0.9742079973220825, -0.24294695258140564], [-0.842738926410675, -0.5383225083351135, 0.0, 1.68547785282135], [-0.5244381427764893, 0.8210030198097229, 0.2256518304347992, 1.0488762855529785], [0.0, 0.0, 0.0, 1.0]], [[0.9929720163345337, -0.10977132618427277, 0.04423636943101883, -1.9859440326690674], [-0.10987888276576996, -0.9939450025558472, 0.0, 0.21975776553153992], [-0.04396851733326912, 0.004860642831772566, 0.9990211129188538, 0.08793703466653824], [0.0, 0.0, 0.0, 1.0]], [[0.8525136709213257, -0.4685274660587311, -0.23173801600933075, -1.7050273418426514], [-0.48163849115371704, -0.8763700127601624, 0.0, 0.9632769823074341], [0.20308825373649597, -0.11161395162343979, 0.9727782607078552, -0.40617650747299194], [0.0, 0.0, 0.0, 1.0]], [[-0.25996047258377075, 0.1027325987815857, 0.9601387977600098, 0.5199209451675415], [-0.36752748489379883, -0.9300127029418945, 0.0, 0.7350549697875977], [-0.8929412961006165, 0.3528774082660675, -0.2795235812664032, 1.785882592201233], [0.0, 0.0, 0.0, 1.0]], [[0.751793384552002, -0.6560221910476685, 0.06664518266916275, -1.503586769104004], [-0.6574839353561401, -0.7534685730934143, 0.0, 1.3149678707122803], [-0.05021505057811737, 0.043818142265081406, 0.9977766871452332, 0.10043010115623474], [0.0, 0.0, 0.0, 1.0]], [[0.24110840260982513, -0.06628687679767609, 0.9682317972183228, -0.48221680521965027], [-0.26508980989456177, -0.9642237424850464, 0.0, 0.5301796197891235], [-0.9335920810699463, 0.2566683888435364, 0.25005441904067993, 1.8671841621398926], [0.0, 0.0, 0.0, 1.0]], [[0.2690926492214203, -0.889980673789978, -0.36813533306121826, -0.5381852388381958], [-0.9572029113769531, -0.2894178330898285, 0.0, 1.9144055843353271], [0.10654493421316147, -0.3523802161216736, 0.9297721982002258, -0.21308983862400055], [0.0, 0.0, 0.0, 1.0]], [[0.9696386456489563, -0.20836392045021057, 0.12800553441047668, -1.939277172088623], [-0.21009224653244019, -0.9776816368103027, 0.0, 0.420184463262558], [-0.12514865398406982, 0.026892969384789467, 0.9917734861373901, 0.25029727816581726], [0.0, 0.0, 0.0, 1.0]], [[-0.13080179691314697, 0.12614989280700684, 0.9833499789237976, 0.26160356402397156], [-0.6941915154457092, -0.7197903990745544, 0.0, 1.388382911682129], [-0.707805871963501, 0.6826331615447998, -0.18172205984592438, 1.4156116247177124], [0.0, 0.0, 0.0, 1.0]]], "intrinsics": [[[1.0, 0.0, 0.5], [0.0, 1.0, 0.5], [0.0, 0.0, 1.0]], [[1.0, 0.0, 0.5], [0.0, 1.0, 0.5], [0.0, 0.0, 1.0]], [[1.0, 0.0, 0.5], [0.0, 1.0, 0.5], [0.0, 0.0, 1.0]], [[1.0, 0.0, 0.5], [0.0, 1.0, 0.5], [0.0, 0.0, 1.0]], [[1.0, 0.0, 0.5], [0.0, 1.0, 0.5], [0.0, 0.0, 1.0]], [[1.0, 0.0, 0.5], [0.0, 1.0, 0.5], [0.0, 0.0, 1.0]], [[1.0, 0.0, 0.5], [0.0, 1.0, 0.5], [0.0, 0.0, 1.0]], [[1.0, 0.0, 0.5], [0.0, 1.0, 0.5], [0.0, 0.0, 1.0]], [[1.0, 0.0, 0.5], [0.0, 1.0, 0.5], [0.0, 0.0, 1.0]], [[1.0, 0.0, 0.5], [0.0, 1.0, 0.5], [0.0, 0.0, 1.0]], [[1.0, 0.0, 0.5], [0.0, 1.0, 0.5], [0.0, 0.0, 1.0]], [[1.0, 0.0, 0.5], [0.0, 1.0, 0.5], [0.0, 0.0, 1.0]], [[1.0, 0.0, 0.5], [0.0, 1.0, 0.5], [0.0, 0.0, 1.0]], [[1.0, 0.0, 0.5], [0.0, 1.0, 0.5], [0.0, 0.0, 1.0]], [[1.0, 0.0, 0.5], [0.0, 1.0, 0.5], [0.0, 0.0, 1.0]], [[1.0, 0.0, 0.5], [0.0, 1.0, 0.5], [0.0, 0.0, 1.0]], [[1.0, 0.0, 0.5], [0.0, 1.0, 0.5], [0.0, 0.0, 1.0]], [[1.0, 0.0, 0.5], [0.0, 1.0, 0.5], [0.0, 0.0, 1.0]], [[1.0, 0.0, 0.5], [0.0, 1.0, 0.5], [0.0, 0.0, 1.0]], [[1.0, 0.0, 0.5], [0.0, 1.0, 0.5], [0.0, 0.0, 1.0]], [[1.0, 0.0, 0.5], [0.0, 1.0, 0.5], [0.0, 0.0, 1.0]], [[1.0, 0.0, 0.5], [0.0, 1.0, 0.5], [0.0, 0.0, 1.0]], [[1.0, 0.0, 0.5], [0.0, 1.0, 0.5], [0.0, 0.0, 1.0]], [[1.0, 0.0, 0.5], [0.0, 1.0, 0.5], [0.0, 0.0, 1.0]], [[1.0, 0.0, 0.5], [0.0, 1.0, 0.5], [0.0, 0.0, 1.0]], [[1.0, 0.0, 0.5], [0.0, 1.0, 0.5], [0.0, 0.0, 1.0]], [[1.0, 0.0, 0.5], [0.0, 1.0, 0.5], [0.0, 0.0, 1.0]], [[1.0, 0.0, 0.5], [0.0, 1.0, 0.5], [0.0, 0.0, 1.0]], [[1.0, 0.0, 0.5], [0.0, 1.0, 0.5], [0.0, 0.0, 1.0]], [[1.0, 0.0, 0.5], [0.0, 1.0, 0.5], [0.0, 0.0, 1.0]], [[1.0, 0.0, 0.5], [0.0, 1.0, 0.5], [0.0, 0.0, 1.0]], [[1.0, 0.0, 0.5], [0.0, 1.0, 0.5], [0.0, 0.0, 1.0]]]}